9.442421875000000853e+00,-1.973789062500000080e+00
1.336675292968750028e+01,-1.503515625000000133e+00
1.736394042968749929e+01,-1.056914062499999973e+00
2.142584960937499972e+01,-4.833300781250000067e-01
2.558311523437500057e+01,5.999414062500000311e-01
2.959609375000000142e+01,2.794882812500000036e+00
3.242868652343749858e+01,6.236669921875000355e+00
3.467806152343749915e+01,9.688950195312500568e+00
3.667648925781249858e+01,1.322135742187500007e+01
3.838056152343749972e+01,1.732766113281250142e+01
3.898249511718750426e+01,2.153316406249999915e+01
3.893307128906250369e+01,2.594318359374999972e+01
3.761425292968750256e+01,3.025188964843750128e+01
3.522031249999999858e+01,3.390719238281250369e+01
3.257856933593750171e+01,3.704764648437500085e+01
2.995505859374999957e+01,4.005544433593750142e+01
2.757067871093750000e+01,4.307104980468749744e+01
2.600143554687500114e+01,4.615733886718749801e+01
2.549352050781250156e+01,4.947012207031249886e+01
2.620759277343750071e+01,5.285082031249999801e+01
2.787092285156250071e+01,5.561190917968750114e+01
3.072271972656250227e+01,5.825387695312500114e+01
3.366593261718750085e+01,6.169402343750000028e+01
3.536281250000000398e+01,6.569541992187500057e+01
3.627573730468750313e+01,6.996353515625000341e+01
3.615730957031249915e+01,7.438600585937500398e+01
3.511882324218750284e+01,7.855717773437500284e+01
3.348714355468749915e+01,8.247287109375000114e+01
3.131936523437500242e+01,8.613391601562500455e+01
2.823926757812500199e+01,8.937543945312499716e+01
2.488694824218750057e+01,9.179693359374999773e+01
2.180120605468750128e+01,9.407011718750000284e+01
1.981638183593750213e+01,9.647693359375000455e+01
1.961668457031250057e+01,9.952490234375000000e+01
2.026974609375000114e+01,1.034937304687500017e+02
1.994406738281250213e+01,1.081599804687500068e+02
1.817037109374999915e+01,1.121436718749999955e+02
1.615078613281249886e+01,1.156462304687500051e+02
1.444122558593750050e+01,1.189928222656250085e+02
1.390012207031250036e+01,1.221138867187499955e+02
1.466397949218750085e+01,1.257018945312500051e+02
1.516520996093750107e+01,1.303160449218750045e+02
1.415411621093750050e+01,1.345297656250000102e+02
1.240807617187500078e+01,1.384965527343750011e+02
9.743891601562500782e+00,1.420424121093749932e+02
6.401401367187499858e+00,1.448273437500000114e+02
2.554736328125000178e+00,1.468753320312499966e+02
-1.576831054687499956e+00,1.480779882812500148e+02
-5.709313964843750533e+00,1.487254492187500148e+02
-9.968623046875000782e+00,1.488625390624999909e+02
-1.435159912109375036e+01,1.481350585937500171e+02
-1.836086669921875014e+01,1.460461816406250080e+02
-2.162167968750000213e+01,1.432565917968750000e+02
-2.440058593750000071e+01,1.400083984375000057e+02
-2.658606933593750199e+01,1.361052734374999886e+02
-2.716330078125000114e+01,1.314234179687500159e+02
-2.608384765625000057e+01,1.270517578125000000e+02
-2.391017578125000043e+01,1.231753808593749966e+02
-2.030033447265624957e+01,1.201305468750000074e+02
-1.639727539062500128e+01,1.184967968750000011e+02
-1.281357910156249957e+01,1.170791308593749989e+02
-9.993273925781251066e+00,1.151460937500000057e+02
-7.534182128906250497e+00,1.124030664062500051e+02
-5.705270996093750213e+00,1.092877929687499972e+02
-4.582841796874999929e+00,1.058590136718750045e+02
-4.129169921875000426e+00,1.021404882812500006e+02
-4.081181640625000107e+00,9.828452148437500568e+01
-4.315336914062499751e+00,9.440471679687500739e+01
-4.838095703125000036e+00,9.060668945312500000e+01
-5.929733886718749680e+00,8.727517578124999886e+01
-7.845424804687500142e+00,8.392821289062500512e+01
-9.833054199218750568e+00,8.053700195312499943e+01
-1.204157714843750071e+01,7.726982421875000284e+01
-1.433262207031249957e+01,7.395859375000000568e+01
-1.656164062499999901e+01,7.053562988281250057e+01
-1.857787841796875128e+01,6.684664550781249659e+01
-1.998847412109375199e+01,6.276954101562500199e+01
-2.070502197265625099e+01,5.853303710937500171e+01
-2.056398437500000043e+01,5.416671386718750369e+01
-1.952115966796874957e+01,4.996301269531250000e+01
-1.745601806640625142e+01,4.601459472656249972e+01
-1.487326660156250036e+01,4.272704589843750256e+01
-1.219732177734375078e+01,3.969897460937500000e+01
-9.684418945312499361e+00,3.673139160156249972e+01
-7.743142089843749964e+00,3.357556152343750000e+01
-6.630351562500000462e+00,3.051081054687499972e+01
-6.642143554687500284e+00,2.675494628906250227e+01
-7.243833007812500391e+00,2.313953613281250199e+01
-8.214489746093750711e+00,1.931983886718749943e+01
-9.228491210937500355e+00,1.539750976562500107e+01
-1.008867919921875078e+01,1.135860839843750014e+01
-1.043619873046874957e+01,6.979326171874999929e+00
-8.585471191406250924e+00,2.292070312499999929e+00
-4.690234375000000178e+00,-3.837402343749999889e-01
-4.937109375000000022e-01,-1.634902343750000098e+00
3.754492187499999911e+00,-2.110468749999999893e+00
8.968408203124999645e+00,1.493964843749999938e+00
1.298349121093750114e+01,1.975429687500000142e+00
1.695103027343749957e+01,2.418652343750000266e+00
2.081930664062500114e+01,2.963720703124999911e+00
2.437603515625000128e+01,3.885209960937499929e+00
2.737040039062500085e+01,5.496044921874999822e+00
2.955511230468750128e+01,8.234814453125000711e+00
3.167876464843750028e+01,1.149290527343750057e+01
3.361389160156250000e+01,1.491561523437500014e+01
3.498071777343749744e+01,1.815897949218750185e+01
3.549925292968750057e+01,2.187523437500000156e+01
3.546988769531250085e+01,2.543685546875000014e+01
3.445088378906250171e+01,2.875419433593750185e+01
3.247022460937500199e+01,3.174224121093750028e+01
2.994411621093750142e+01,3.474337890625000114e+01
2.729193359375000227e+01,3.778437011718749972e+01
2.470066894531250057e+01,4.106778808593750085e+01
2.267914062499999872e+01,4.505627441406250000e+01
2.199585449218750099e+01,4.959782714843750284e+01
2.290686035156250000e+01,5.401494140625000284e+01
2.533548339843749986e+01,5.802470214843749829e+01
2.835355957031250185e+01,6.083012695312500284e+01
3.062258300781250142e+01,6.342261718750000199e+01
3.203286132812500142e+01,6.677310546875000341e+01
3.279327636718750227e+01,7.031349609375000398e+01
3.269836425781250000e+01,7.385148437499999829e+01
3.180185058593750114e+01,7.744018554687500000e+01
3.035630371093749957e+01,8.090830566406249602e+01
2.844951171874999929e+01,8.413043945312500682e+01
2.604785156250000000e+01,8.664639648437500341e+01
2.290304199218750014e+01,8.891351562500000227e+01
1.953730957031250171e+01,9.140087890625000000e+01
1.657016113281250114e+01,9.516847656250000398e+01
1.614703613281249872e+01,9.998480468750000227e+01
1.679478515625000057e+01,1.039116406250000040e+02
1.659516113281249972e+01,1.071426953124999955e+02
1.510058593750000000e+01,1.104624804687500017e+02
1.311853027343750000e+01,1.138982421875000028e+02
1.119222167968750092e+01,1.176912988281249994e+02
1.040889160156249993e+01,1.223615625000000051e+02
1.127908691406249986e+01,1.265921289062499966e+02
1.169418457031249936e+01,1.298666308593749932e+02
1.083404785156250050e+01,1.334220117187500136e+02
9.362880859375000142e+00,1.367712207031250102e+02
7.238930664062499964e+00,1.395979980468750057e+02
4.446489257812499929e+00,1.419241992187500045e+02
1.242783203125000124e+00,1.436305078125000136e+02
-2.294682617187500107e+00,1.446523828125000080e+02
-6.062121582031250178e+00,1.452432812499999955e+02
-9.803720703125000213e+00,1.453664257812500011e+02
-1.329270751953125007e+01,1.447990820312500091e+02
-1.632931884765624986e+01,1.431961230468750159e+02
-1.914200195312499986e+01,1.407865332031250034e+02
-2.156686523437500114e+01,1.379541406250000080e+02
-2.330622070312499972e+01,1.348835546875000091e+02
-2.367655517578124957e+01,1.317277148437499932e+02
-2.283754638671874915e+01,1.283600195312500034e+02
-2.110724121093749872e+01,1.252714550781250011e+02
-1.868139892578124872e+01,1.232336132812500011e+02
-1.518923828125000064e+01,1.217816992187500063e+02
-1.132697753906250071e+01,1.202477246093749983e+02
-7.590231933593750036e+00,1.176907617187499966e+02
-4.721245117187500284e+00,1.144857031250000006e+02
-2.511748046875000195e+00,1.107200781250000006e+02
-1.158847656250000080e+00,1.065844628906250051e+02
-6.347656250000000000e-01,1.023383007812499983e+02
-5.823828125000000133e-01,9.819270507812500171e+01
-8.309326171875000000e-01,9.407467773437500114e+01
-1.404580078124999964e+00,8.992774414062499488e+01
-2.791665039062499964e+00,8.572517578125000171e+01
-4.824877929687500178e+00,8.216008789062500739e+01
-6.886584472656250178e+00,7.864800781249999773e+01
-9.167348632812499787e+00,7.527261718750000341e+01
-1.143880371093750092e+01,7.198988281249999943e+01
-1.357754394531250064e+01,6.870665527343750512e+01
-1.540212158203125092e+01,6.537539550781249886e+01
-1.659848388671874986e+01,6.189892578125000000e+01
-1.721479736328124943e+01,5.827166992187500227e+01
-1.709886718750000156e+01,5.465962402343750171e+01
-1.621891845703125057e+01,5.112284667968749829e+01
-1.457877197265625036e+01,4.800744628906250000e+01
-1.221562500000000107e+01,4.500453124999999943e+01
-9.582971191406249645e+00,4.202602539062500142e+01
-6.910170898437500320e+00,3.886529785156250227e+01
-4.656079101562499822e+00,3.522480957031250171e+01
-3.148583984375000089e+00,3.086761718750000227e+01
-3.145239257812499911e+00,2.660770996093750185e+01
-3.834506835937499858e+00,2.234802246093750000e+01
-4.831037597656250071e+00,1.842414550781250071e+01
-5.828872070312500320e+00,1.456529296875000057e+01
-6.637961425781250036e+00,1.077333496093750043e+01
-6.940725097656249787e+00,7.157314453125000142e+00
-5.971735839843749893e+00,4.619819335937499716e+00
-3.301611328124999911e+00,2.829013671874999858e+00
1.654589843750000067e-01,1.802460937500000027e+00
3.884257812500000018e+00,1.387128906250000071e+00
6.245019531250000533e+00,1.436220703125000053e+00
6.245019531250000533e+00,-2.016435546874999929e+00
7.545019531250000355e+00,-2.016435546874999929e+00
7.545019531250000355e+00,1.436220703125000053e+00
